% # columns="iteration, evaluation, min max(neg(.)) min(pos(.)) max correlation, correlation matrix principal axes lengths  (sorted square roots of eigenvalues of correlation matrix)", seed=291129, Tue Apr  8 22:54:59 2025
1 6 -0.026282200826549057 -0.026282200826549057 -0.026282200826549057 -0.026282200826549057 0.9867714016799692 1.013055872509779
2 12 0.08446553898775194 0.08446553898775194 0.08446553898775194 0.08446553898775194 0.9867714016799692 1.013055872509779
3 18 0.11461920313523413 0.11461920313523413 0.11461920313523413 0.11461920313523413 0.9409467555950048 1.0557552761578954
4 24 0.0702478458394962 0.0702478458394962 0.0702478458394962 0.0702478458394962 0.9409467555950048 1.0557552761578954
5 30 0.28016267567629094 0.28016267567629094 0.28016267567629094 0.28016267567629094 0.8484322744472355 1.1314427407855383
6 36 0.3291753238414911 0.3291753238414911 0.3291753238414911 0.3291753238414911 0.8484322744472355 1.1314427407855383
7 42 0.13002525740388615 0.13002525740388615 0.13002525740388615 0.13002525740388615 0.932724365820961 1.0630264612905391
8 48 0.07200911945408878 0.07200911945408878 0.07200911945408878 0.07200911945408878 0.932724365820961 1.0630264612905391
9 54 0.030660479291705248 0.030660479291705248 0.030660479291705248 0.030660479291705248 0.9845504155239053 1.0152144991536052
10 60 0.0020736979759904016 0.0020736979759904016 0.0020736979759904016 0.0020736979759904016 0.9845504155239053 1.0152144991536052
11 66 -0.06899057063397232 -0.06899057063397232 -0.06899057063397232 -0.06899057063397232 0.9648882989061623 1.0339200020475336
12 72 -0.29956737317969373 -0.29956737317969373 -0.29956737317969373 -0.29956737317969373 0.9648882989061623 1.0339200020475336
13 78 -0.17863538083511393 -0.17863538083511393 -0.17863538083511393 -0.17863538083511393 0.9062916854770797 1.085649750534266
14 84 -0.3488681634319183 -0.3488681634319183 -0.3488681634319183 -0.3488681634319183 0.9062916854770797 1.085649750534266
15 90 -0.536715151807837 -0.536715151807837 -0.536715151807837 -0.536715151807837 0.6806503127099576 1.2396431550280254
16 96 -0.3905129364779234 -0.3905129364779234 -0.3905129364779234 -0.3905129364779234 0.6806503127099576 1.2396431550280254
17 102 -0.3841930860177042 -0.3841930860177042 -0.3841930860177042 -0.3841930860177042 0.784733657989955 1.1765173547456511
18 108 -0.4807983063392817 -0.4807983063392817 -0.4807983063392817 -0.4807983063392817 0.784733657989955 1.1765173547456511
19 114 -0.37184842990336636 -0.37184842990336636 -0.37184842990336636 -0.37184842990336636 0.7925601365805838 1.1712593350336067
20 120 -0.46498509172769187 -0.46498509172769187 -0.46498509172769187 -0.46498509172769187 0.7925601365805838 1.1712593350336067
21 126 -0.17468703847227499 -0.17468703847227499 -0.17468703847227499 -0.17468703847227499 0.9084673695448423 1.0838298014320675
22 132 -0.19451989024036367 -0.19451989024036367 -0.19451989024036367 -0.19451989024036367 0.9084673695448423 1.0838298014320675
23 138 -0.09275980691149521 -0.09275980691149521 -0.09275980691149521 -0.09275980691149521 0.9524915711377737 1.0453515231306143
24 144 -0.1948430861843449 -0.1948430861843449 -0.1948430861843449 -0.1948430861843449 0.9524915711377737 1.0453515231306143
25 150 -0.25221245086122646 -0.25221245086122646 -0.25221245086122646 -0.25221245086122646 0.8647471012606943 1.1190229894248047
26 156 -0.25164619675466415 -0.25164619675466415 -0.25164619675466415 -0.25164619675466415 0.8647471012606943 1.1190229894248047
27 162 -0.398760379348311 -0.398760379348311 -0.398760379348311 -0.398760379348311 0.7753964280622455 1.1826920052779215
28 168 -0.3706087834020922 -0.3706087834020922 -0.3706087834020922 -0.3706087834020922 0.7753964280622455 1.1826920052779215
29 174 -0.5267830863366794 -0.5267830863366794 -0.5267830863366794 -0.5267830863366794 0.6879076345435632 1.23563064316837
30 180 -0.41382871319208514 -0.41382871319208514 -0.41382871319208514 -0.41382871319208514 0.6879076345435632 1.23563064316837
31 186 -0.34893779517801704 -0.34893779517801704 -0.34893779517801704 -0.34893779517801704 0.8068842573888667 1.1614378137369288
32 192 -0.46875091144384423 -0.46875091144384423 -0.46875091144384423 -0.46875091144384423 0.8068842573888667 1.1614378137369288
33 198 -0.44792887480874766 -0.44792887480874766 -0.44792887480874766 -0.44792887480874766 0.7430148889431841 1.2032991626394276
34 204 -0.33457733965710834 -0.33457733965710834 -0.33457733965710834 -0.33457733965710834 0.7430148889431841 1.2032991626394276
35 210 -0.4419310948577771 -0.4419310948577771 -0.4419310948577771 -0.4419310948577771 0.7470400960739811 1.2008043532806572
36 216 -0.5645786457869061 -0.5645786457869061 -0.5645786457869061 -0.5645786457869061 0.7470400960739811 1.2008043532806572
37 222 -0.4280512225091239 -0.4280512225091239 -0.4280512225091239 -0.4280512225091239 0.7562729517117983 1.1950109717107722
38 228 -0.3848690735637848 -0.3848690735637848 -0.3848690735637848 -0.3848690735637848 0.7562729517117983 1.1950109717107722
39 234 -0.2149884088542755 -0.2149884088542755 -0.2149884088542755 -0.2149884088542755 0.8860087985712808 1.102265126389416
40 240 -0.31670605949081343 -0.31670605949081343 -0.31670605949081343 -0.31670605949081343 0.8860087985712808 1.102265126389416
41 246 -0.2111684369998365 -0.2111684369998365 -0.2111684369998365 -0.2111684369998365 0.8881619013446611 1.100530979572968
42 252 -0.2904285226492856 -0.2904285226492856 -0.2904285226492856 -0.2904285226492856 0.8881619013446611 1.100530979572968
43 258 -0.24018876579605575 -0.24018876579605575 -0.24018876579605575 -0.24018876579605575 0.8716715173756364 1.1136376276850812
44 264 -0.18418931935995148 -0.18418931935995148 -0.18418931935995148 -0.18418931935995148 0.8716715173756364 1.1136376276850812
45 270 -0.07596097057617301 -0.07596097057617301 -0.07596097057617301 -0.07596097057617301 0.9612694884494289 1.0372853853092565
46 276 -0.018729372879354472 -0.018729372879354472 -0.018729372879354472 -0.018729372879354472 0.9612694884494289 1.0372853853092565
47 282 -0.11055522548222751 -0.11055522548222751 -0.11055522548222751 -0.11055522548222751 0.9431037983794638 1.0538288406957874
48 288 0.05109926853208062 0.05109926853208062 0.05109926853208062 0.05109926853208062 0.9431037983794638 1.0538288406957874
49 294 0.19509452271174405 0.19509452271174405 0.19509452271174405 0.19509452271174405 0.8971652452520974 1.0932037882809151
50 300 0.19626406431521254 0.19626406431521254 0.19626406431521254 0.19626406431521254 0.8971652452520974 1.0932037882809151
51 306 0.3144447629951004 0.3144447629951004 0.3144447629951004 0.3144447629951004 0.8279826308594279 1.146492373718683
52 312 0.32545548562928034 0.32545548562928034 0.32545548562928034 0.32545548562928034 0.8279826308594279 1.146492373718683
53 318 0.32019701027298775 0.32019701027298775 0.32019701027298775 0.32019701027298775 0.8245016614458776 1.1489982638250538
54 324 0.26624344994861615 0.26624344994861615 0.26624344994861615 0.26624344994861615 0.8245016614458776 1.1489982638250538
55 330 0.3448442565041195 0.3448442565041195 0.3448442565041195 0.3448442565041195 0.8094169157460701 1.159674202741494
56 336 0.4364125936152442 0.4364125936152442 0.4364125936152442 0.4364125936152442 0.8094169157460701 1.159674202741494
57 342 0.056715057666765996 0.056715057666765996 0.056715057666765996 0.056715057666765996 0.9712285736803845 1.0279664671898427
58 348 0.060558564892456555 0.060558564892456555 0.060558564892456555 0.060558564892456555 0.9712285736803845 1.0279664671898427
59 354 0.00959326516134569 0.00959326516134569 0.00959326516134569 0.00959326516134569 0.9951918080644828 1.0047851835896795
60 360 -0.08838026390857648 -0.08838026390857648 -0.08838026390857648 -0.08838026390857648 0.9951918080644828 1.0047851835896795
61 366 -0.1361111611180096 -0.1361111611180096 -0.1361111611180096 -0.1361111611180096 0.9294562060054202 1.0658851538125529
62 372 -0.30140986615469095 -0.30140986615469095 -0.30140986615469095 -0.30140986615469095 0.9294562060054202 1.0658851538125529
63 378 -0.25372898413699585 -0.25372898413699585 -0.25372898413699585 -0.25372898413699585 0.8638697910350867 1.1197003992751793
64 384 -0.25066659010319875 -0.25066659010319875 -0.25066659010319875 -0.25066659010319875 0.8638697910350867 1.1197003992751793
65 390 -0.31787307939306314 -0.31787307939306314 -0.31787307939306314 -0.31787307939306314 0.8259097533065806 1.1479865327577075
66 396 -0.30241649320664515 -0.30241649320664515 -0.30241649320664515 -0.30241649320664515 0.8259097533065806 1.1479865327577075
67 402 -0.3643864099687196 -0.3643864099687196 -0.3643864099687196 -0.3643864099687196 0.797253780192531 1.1680695227462787
68 408 -0.29049767512347 -0.29049767512347 -0.29049767512347 -0.29049767512347 0.797253780192531 1.1680695227462787
69 414 -0.02377027599464904 -0.02377027599464904 -0.02377027599464904 -0.02377027599464904 0.9880433816413888 1.0118153369042442
70 420 -0.05177256987992302 -0.05177256987992302 -0.05177256987992302 -0.05177256987992302 0.9880433816413888 1.0118153369042442
71 426 -0.21400684989335983 -0.21400684989335983 -0.21400684989335983 -0.21400684989335983 0.8865625472050127 1.10181979011695
72 432 -0.13624438530946376 -0.13624438530946376 -0.13624438530946376 -0.13624438530946376 0.8865625472050127 1.10181979011695
73 438 0.0075497347675863285 0.0075497347675863285 0.0075497347675863285 0.0075497347675863285 0.9962179807815225 1.0037677693408902
74 444 -0.23574431238824933 -0.23574431238824933 -0.23574431238824933 -0.23574431238824933 0.9962179807815225 1.0037677693408902
75 450 -0.3017838857732261 -0.3017838857732261 -0.3017838857732261 -0.3017838857732261 0.8355932708122856 1.140957442577604
76 456 -0.3053991993063053 -0.3053991993063053 -0.3053991993063053 -0.3053991993063053 0.8355932708122856 1.140957442577604
77 462 -0.45783031886317144 -0.45783031886317144 -0.45783031886317144 -0.45783031886317144 0.7363217239337901 1.2074064431098466
78 468 -0.4960359443075685 -0.4960359443075685 -0.4960359443075685 -0.4960359443075685 0.7363217239337901 1.2074064431098466
79 474 -0.46031253507995973 -0.46031253507995973 -0.46031253507995973 -0.46031253507995973 0.7346342388699566 1.2084339183753325
80 480 -0.2764370748740151 -0.2764370748740151 -0.2764370748740151 -0.2764370748740151 0.7346342388699566 1.2084339183753325
81 486 -0.23562538845423922 -0.23562538845423922 -0.23562538845423922 -0.23562538845423922 0.8742852003469812 1.1115868785003893
82 492 -0.4081904337904222 -0.4081904337904222 -0.4081904337904222 -0.4081904337904222 0.8742852003469812 1.1115868785003893
83 498 -0.3482110148238555 -0.3482110148238555 -0.3482110148238555 -0.3482110148238555 0.8073344939838409 1.161124892000794
83 498 -0.3482110148238555 -0.3482110148238555 -0.3482110148238555 -0.3482110148238555 0.8073344939838409 1.161124892000794
